dx=2e-06 m  grid=48x48x36
seeds=64 survivors=64 fs=1.0000
gb_area_m2=2.405440e-07
aspect_median=1.000 aspect_max=2.000
cl_min=0.03600 cl_max=0.10897 cl_med=0.03600
history t,fs,ngrains:
  7.3843e-07 0.9711 64
  1.0043e-04 0.9999 64
  2.0011e-04 1.0000 64
  2.9980e-04 1.0000 64
  3.9949e-04 1.0000 64
  4.9918e-04 1.0000 64
  5.9886e-04 1.0000 64
  6.9855e-04 1.0000 64
  7.9824e-04 1.0000 64
  8.9793e-04 1.0000 64
  9.9761e-04 1.0000 64
  1.0973e-03 1.0000 64
  1.1970e-03 1.0000 64
  1.1999e-03 1.0000 64
